
A[L][C] = {
	0,0,0,0,1,1,1,0,0,
	1,1,0,0,1,1,0,0,1,
	0,1,0,1,0,0,1,1,1,
	1,1,0,0,0,0,0,1,1,
	0,1,1,1,1,0,0,0,0,
	1,1,1,0,0,1,1,0,1,
	0,0,0,1,0,1,0,0,0,
	1,1,1,0,1,1,1,1,0  
};
Caminho encontrado -> 
											A[7][8] 
											A[6][8] 
											A[6][7] 
											A[5][7]
											A[4][7]
											A[4][6]
											A[4][5] 
											A[3][5]
											A[2][5] 
											A[2][4]
											A[3][4] 
											A[3][3]
											A[3][2]
											A[2][2] 
											A[1][2] 
											A[0][2]
											A[0][1]
											A[0][0]

-----------------------------------------------------------

A[L][C] = {
	0,1,0,0,0,0,0,0,0,
	1,1, 1,1,1,1,1,1,1,
	1,1,1,1,1,0,1,1,1,
	1,1,0,1,1,1,1,1,1,
	1,1,1,1,1,1,1,1,1,
	1,1,1,1,1,1,1,1,1,
	1,1,1,1,0,1,1,1,1,
	1,1,1,1,1,1,1,0,1,
	1,1,1,1,1,1,1,1,1
};
Caminho não encontrado -> A[0][0]

-----------------------------------------------------------

A[L][C] = {
	0,0,0,0,1,1,1,0,0,
	0,1,0,0,1,1,0,0,1,
	0,0,0,1,0,0,1,1,1,
	1,1,0,0,0,0,0,1,1,
	0,1,1,0,1,0,0,0,0,
	1,1,1,0,0,1,1,0,1,
	0,0,0,1,0,1,1,1,1,
	1,1,1,0,0,0,0,0,0  
};
Caminho encontrado -> 
											A[7][8]  
											A[7][7]
											A[8][7] 
											A[8][6]
											A[7][6]
											A[7][5]
											A[8][5]
											A[8][4]
											A[7][4]
											A[6][4]
											A[5][4]
											A[5][3]
											A[4][3] 
											A[3][3]
											A[3][2]
											A[2][2]
											A[2][1]
											A[2][0]
											A[1][0] 
											A[0][0]